cpu0 0,64
cpu1 1,65
cpu2 2,66
cpu3 3,67
cpu4 4,68
cpu5 5,69
cpu6 6,70
cpu7 7,71
cpu8 8,72
cpu9 9,73
cpu10 10,74
cpu11 11,75
cpu12 12,76
cpu13 13,77
cpu14 14,78
cpu15 15,79
cpu16 16,80
cpu17 17,81
cpu18 18,82
cpu19 19,83
cpu20 20,84
cpu21 21,85
cpu22 22,86
cpu23 23,87
cpu24 24,88
cpu25 25,89
cpu26 26,90
cpu27 27,91
cpu28 28,92
cpu29 29,93
cpu30 30,94
cpu31 31,95
cpu32 32,96
cpu33 33,97
cpu34 34,98
cpu35 35,99
cpu36 36,100
cpu37 37,101
cpu38 38,102
cpu39 39,103
cpu40 40,104
cpu41 41,105
cpu42 42,106
cpu43 43,107
cpu44 44,108
cpu45 45,109
cpu46 46,110
cpu47 47,111
cpu48 48,112
cpu49 49,113
cpu50 50,114
cpu51 51,115
cpu52 52,116
cpu53 53,117
cpu54 54,118
cpu55 55,119
cpu56 56,120
cpu57 57,121
cpu58 58,122
cpu59 59,123
cpu60 60,124
cpu61 61,125
cpu62 62,126
cpu63 63,127
cpu64 0,64
cpu65 1,65
cpu66 2,66
cpu67 3,67
cpu68 4,68
cpu69 5,69
cpu70 6,70
cpu71 7,71
cpu72 8,72
cpu73 9,73
cpu74 10,74
cpu75 11,75
cpu76 12,76
cpu77 13,77
cpu78 14,78
cpu79 15,79
cpu80 16,80
cpu81 17,81
cpu82 18,82
cpu83 19,83
cpu84 20,84
cpu85 21,85
cpu86 22,86
cpu87 23,87
cpu88 24,88
cpu89 25,89
cpu90 26,90
cpu91 27,91
cpu92 28,92
cpu93 29,93
cpu94 30,94
cpu95 31,95
cpu96 32,96
cpu97 33,97
cpu98 34,98
cpu99 35,99
cpu100 36,100
cpu101 37,101
cpu102 38,102
cpu103 39,103
cpu104 40,104
cpu105 41,105
cpu106 42,106
cpu107 43,107
cpu108 44,108
cpu109 45,109
cpu110 46,110
cpu111 47,111
cpu112 48,112
cpu113 49,113
cpu114 50,114
cpu115 51,115
cpu116 52,116
cpu117 53,117
cpu118 54,118
cpu119 55,119
cpu120 56,120
cpu121 57,121
cpu122 58,122
cpu123 59,123
cpu124 60,124
cpu125 61,125
cpu126 62,126
cpu127 63,127
available: 2 nodes (0-1)
node 0 cpus: 0 1 2 3 4 5 6 7 8 9 10 11 12 13 14 15 16 17 18 19 20 21 22 23 24 25 26 27 28 29 30 31 64 65 66 67 68 69 70 71 72 73 74 75 76 77 78 79 80 81 82 83 84 85 86 87 88 89 90 91 92 93 94 95
node 0 size: 515798 MB
node 0 free: 511558 MB
node 1 cpus: 32 33 34 35 36 37 38 39 40 41 42 43 44 45 46 47 48 49 50 51 52 53 54 55 56 57 58 59 60 61 62 63 96 97 98 99 100 101 102 103 104 105 106 107 108 109 110 111 112 113 114 115 116 117 118 119 120 121 122 123 124 125 126 127
node 1 size: 516067 MB
node 1 free: 511668 MB
node distances:
node   0   1 
  0:  10  20 
  1:  20  10 
